# Matter power spectrum P(k) at redshift z=0
# for k=1.045e-05 to 0.630176 h/Mpc,
# number of wavenumbers equal to 561
#    1:k (h/Mpc)              2:P (Mpc/h)^3        
       1.045004333795e-05       5.246582394096e+01 
       2.333095805641e-05       1.136047340449e+02 
       3.625717113354e-05       1.736019998227e+02 
       4.926346145416e-05       2.331317222418e+02 
       6.238518314747e-05       2.925732526454e+02 
       7.565858082820e-05       3.522083330141e+02 
       8.912111491755e-05       4.122762341092e+02 
       1.028118013711e-04       4.729962685643e+02 
       1.167715701734e-04       5.345792781884e+02 
       1.310436469927e-04       5.972345446147e+02 
       1.456739623954e-04       6.611745410982e+02 
       1.607115929610e-04       7.266186062886e+02 
       1.762092384570e-04       7.937960554838e+02 
       1.922237388671e-04       8.629489923437e+02 
       2.088166344034e-04       9.343349995949e+02 
       2.260547705566e-04       1.008229777869e+03 
       2.440109485712e-04       1.084929786348e+03 
       2.627646192567e-04       1.164754904875e+03 
       2.824026144891e-04       1.248051071268e+03 
       3.030199057923e-04       1.335192912267e+03 
       3.247203726287e-04       1.426586193737e+03 
       3.476175540833e-04       1.522670074216e+03 
       3.718353460970e-04       1.623918894855e+03 
       3.975085920654e-04       1.730843342997e+03 
       4.247834974604e-04       1.843990649699e+03 
       4.538177797217e-04       1.963943474953e+03 
       4.847804443246e-04       2.091317027117e+03 
       5.178510592485e-04       2.226753911481e+03 
       5.532183871386e-04       2.370916206858e+03 
       5.910782331532e-04       2.524474283720e+03 
       6.316303842205e-04       2.688091959740e+03 
       6.750745601225e-04       2.862407881558e+03 
       7.216053749246e-04       3.048013325997e+03 
       7.714064205261e-04       3.245427204585e+03 
       8.246437258060e-04       3.455069404943e+03 
       8.814589967750e-04       3.677234467740e+03 
       9.419631754247e-04       3.912067917862e+03 
       1.006230930745e-03       4.159547669375e+03 
       1.074296681075e-03       4.419473058413e+03 
       1.146152625442e-03       4.691462972229e+03 
       1.221749042864e-03       4.974963941482e+03 
       1.300996842025e-03       5.269267993563e+03 
       1.383772067800e-03       5.573537676988e+03 
       1.469921855004e-03       5.886836480863e+03 
       1.559271204023e-03       6.208161627527e+03 
       1.651629948312e-03       6.536475312954e+03 
       1.746799372057e-03       6.870733720681e+03 
       1.844578081754e-03       7.209911306243e+03 
       1.944766898304e-03       7.553020541474e+03 
       2.047172684863e-03       7.899125286459e+03 
       2.151611141021e-03       8.247353055011e+03 
       2.257908670024e-03       8.596897969104e+03 
       2.365903465723e-03       8.947025310329e+03 
       2.475445977673e-03       9.297069953153e+03 
       2.586398905573e-03       9.646434203198e+03 
       2.698636856110e-03       9.994585118261e+03 
       2.812045772658e-03       1.034105114267e+04 
       2.926522225142e-03       1.068541326591e+04 
       3.041972626323e-03       1.102730685259e+04 
       3.158312422777e-03       1.136641068325e+04 
       3.275465294285e-03       1.170244658356e+04 
       3.393362384006e-03       1.203517251702e+04 
       3.511941573302e-03       1.236437987013e+04 
       3.631146808815e-03       1.268988856922e+04 
       3.750927485056e-03       1.301154578069e+04 
       3.871237882690e-03       1.332922032613e+04 
       3.992036660788e-03       1.364280148659e+04 
       4.113286400085e-03       1.395219729799e+04 
       4.234953193603e-03       1.425733051373e+04 
       4.357006280707e-03       1.455813909313e+04 
       4.479417720608e-03       1.485457231145e+04 
       4.602162101426e-03       1.514659158359e+04 
       4.725216281153e-03       1.543416455256e+04 
       4.848559157090e-03       1.571723921940e+04 
       4.972171460656e-03       1.599587858833e+04 
       5.096035574718e-03       1.627001705082e+04 
       5.220135370916e-03       1.653966669845e+04 
       5.344456064688e-03       1.680491478348e+04 
       5.468984085990e-03       1.706568420940e+04 
       5.593706963892e-03       1.732201480430e+04 
       5.718613223473e-03       1.757391465711e+04 
       5.843692293605e-03       1.782089476008e+04 
       5.968934424386e-03       1.806397347612e+04 
       6.094330613118e-03       1.830268125725e+04 
       6.219872537888e-03       1.853705381869e+04 
       6.345552497875e-03       1.876711838913e+04 
       6.471363359654e-03       1.899287397388e+04 
       6.597298508830e-03       1.921438417588e+04 
       6.723351806413e-03       1.943175291254e+04 
       6.849517549429e-03       1.964488854567e+04 
       6.975790435312e-03       1.985404134918e+04 
       7.102165529665e-03       2.005908528318e+04 
       7.228638237047e-03       2.026006517611e+04 
       7.355204274468e-03       2.045692004239e+04 
       7.481859647301e-03       2.065032805350e+04 
       7.608600627389e-03       2.083932707712e+04 
       7.735423733096e-03       2.102490113674e+04 
       7.862325711133e-03       2.120614644608e+04 
       7.989303519968e-03       2.138365477119e+04 
       8.116354314671e-03       2.155749378598e+04 
       8.243475433056e-03       2.172728157259e+04 
       8.370664382991e-03       2.189386349110e+04 
       8.497918830777e-03       2.205735822765e+04 
       8.625236590478e-03       2.221644217896e+04 
       8.752615614134e-03       2.237198076293e+04 
       8.880053982758e-03       2.252397360344e+04 
       9.007549898064e-03       2.267248554409e+04 
       9.135101674842e-03       2.281664781984e+04 
       9.262707733939e-03       2.295833104725e+04 
       9.390366595784e-03       2.309739179137e+04 
       9.518076874411e-03       2.323164738227e+04 
       9.645837271942e-03       2.336385835169e+04 
       9.773646573481e-03       2.349100845225e+04 
       9.901503642401e-03       2.361727457017e+04 
       1.002940741597e-02       2.373828609836e+04 
       1.015735690133e-02       2.385699652207e+04 
       1.028535117169e-02       2.397347807660e+04 
       1.041338936293e-02       2.408508738657e+04 
       1.054147067033e-02       2.419543022456e+04 
       1.066959434557e-02       2.430202030285e+04 
       1.079775969399e-02       2.440536537347e+04 
       1.092596607196e-02       2.450583450448e+04 
       1.105421288453e-02       2.460283831183e+04 
       1.118249958317e-02       2.469754970232e+04 
       1.131082566373e-02       2.478884228578e+04 
       1.143919066444e-02       2.487845657393e+04 
       1.156759416422e-02       2.496540423974e+04 
       1.169603578093e-02       2.504828618124e+04 
       1.182451516985e-02       2.512987472189e+04 
       1.195303202223e-02       2.520794198186e+04 
       1.208158606397e-02       2.528344844961e+04 
       1.221017705434e-02       2.535618833527e+04 
       1.233880478484e-02       2.542659478922e+04 
       1.246746907811e-02       2.549443716340e+04 
       1.259616978695e-02       2.555955681067e+04 
       1.272490679336e-02       2.562088655802e+04 
       1.285368000771e-02       2.568240823491e+04 
       1.298248936791e-02       2.574019711748e+04 
       1.311133483870e-02       2.579551155165e+04 
       1.324021641095e-02       2.584729372792e+04 
       1.336913410105e-02       2.589790873503e+04 
       1.349808795029e-02       2.594769247655e+04 
       1.362707802436e-02       2.599360873124e+04 
       1.375610441285e-02       2.603614386241e+04 
       1.388516722881e-02       2.607758231197e+04 
       1.401426660833e-02       2.611710904591e+04 
       1.414340271018e-02       2.615475203382e+04 
       1.427257571545e-02       2.619035432127e+04 
       1.440178582729e-02       2.622331471479e+04 
       1.453103327063e-02       2.625380426382e+04 
       1.466031829190e-02       2.628270727668e+04 
       1.478964115890e-02       2.630851053539e+04 
       1.491900216053e-02       2.633385469287e+04 
       1.504840160672e-02       2.635654887465e+04 
       1.517783982825e-02       2.637710623995e+04 
       1.530731717668e-02       2.639550497756e+04 
       1.543683402424e-02       2.641254889506e+04 
       1.556639076382e-02       2.642754064040e+04 
       1.569598780889e-02       2.644025922489e+04 
       1.582562559352e-02       2.645154010426e+04 
       1.595530457238e-02       2.646081184637e+04 
       1.608502522079e-02       2.646875966779e+04 
       1.621478803473e-02       2.647458876763e+04 
       1.634459353096e-02       2.647753982787e+04 
       1.647444224709e-02       2.648061027620e+04 
       1.660433474165e-02       2.648129770337e+04 
       1.673427159429e-02       2.648013949709e+04 
       1.686425340586e-02       2.647669792999e+04 
       1.699428079861e-02       2.647329753342e+04 
       1.712435441636e-02       2.646613872525e+04 
       1.725447492469e-02       2.645862778947e+04 
       1.738464301114e-02       2.645073284851e+04 
       1.751485938548e-02       2.643910134088e+04 
       1.764512477993e-02       2.642783965288e+04 
       1.777543994943e-02       2.641306990877e+04 
       1.790580567190e-02       2.639834031687e+04 
       1.803622274859e-02       2.638213727776e+04 
       1.816669200434e-02       2.636371991657e+04 
       1.829721428792e-02       2.634386592106e+04 
       1.842779047240e-02       2.632349162922e+04 
       1.855842145552e-02       2.630176329943e+04 
       1.868910816002e-02       2.627835681855e+04 
       1.881985153409e-02       2.625330825947e+04 
       1.895065255176e-02       2.622700258357e+04 
       1.908151221333e-02       2.619968659539e+04 
       1.921243154584e-02       2.617069144180e+04 
       1.934341160351e-02       2.614069519204e+04 
       1.947445346826e-02       2.610977988226e+04 
       1.960555825017e-02       2.607668738714e+04 
       1.973672708805e-02       2.604395026696e+04 
       1.986796114995e-02       2.600866195396e+04 
       1.999926163371e-02       2.597261778998e+04 
       2.013062976760e-02       2.593565765118e+04 
       2.026206681084e-02       2.589755796804e+04 
       2.039357405429e-02       2.585807932032e+04 
       2.052515282104e-02       2.581851003880e+04 
       2.065680446711e-02       2.577695379430e+04 
       2.078853038211e-02       2.573425021196e+04 
       2.092033198997e-02       2.569062720918e+04 
       2.105221074966e-02       2.564627374987e+04 
       2.118416815592e-02       2.560160496640e+04 
       2.131620574009e-02       2.555513236091e+04 
       2.144832507085e-02       2.550726059398e+04 
       2.158052775512e-02       2.545943120349e+04 
       2.171281543885e-02       2.540995933882e+04 
       2.184518980793e-02       2.535986553285e+04 
       2.197765258910e-02       2.530954686412e+04 
       2.211020555089e-02       2.525725503034e+04 
       2.224285050456e-02       2.520466921881e+04 
       2.237558930515e-02       2.515124597502e+04 
       2.250842385246e-02       2.509695981216e+04 
       2.264135609211e-02       2.504193249861e+04 
       2.277438801669e-02       2.498606933014e+04 
       2.290752166680e-02       2.492957480297e+04 
       2.304075913231e-02       2.487274227408e+04 
       2.317410255348e-02       2.481414549774e+04 
       2.330755412224e-02       2.475545433534e+04 
       2.344111608345e-02       2.469599158371e+04 
       2.357479073623e-02       2.463626660971e+04 
       2.370858043531e-02       2.457500737381e+04 
       2.384248759242e-02       2.451352094542e+04 
       2.397651467777e-02       2.445184706901e+04 
       2.411066422150e-02       2.438865586692e+04 
       2.424493881525e-02       2.432533160731e+04 
       2.437934111375e-02       2.426141822099e+04 
       2.451387383643e-02       2.419708455919e+04 
       2.464853976916e-02       2.413211905668e+04 
       2.478334176596e-02       2.406603054857e+04 
       2.491828275083e-02       2.400033317396e+04 
       2.505336571962e-02       2.393315228729e+04 
       2.518859374194e-02       2.386601259727e+04 
       2.532396996316e-02       2.379853787900e+04 
       2.545949760647e-02       2.373000050254e+04 
       2.559517997501e-02       2.366131181691e+04 
       2.573102045408e-02       2.359237665220e+04 
       2.586702251340e-02       2.352279379651e+04 
       2.600318970945e-02       2.345270136541e+04 
       2.613952568794e-02       2.338199318269e+04 
       2.627603418630e-02       2.331124856435e+04 
       2.641271903630e-02       2.323999631674e+04 
       2.654958416674e-02       2.316838233909e+04 
       2.668663360623e-02       2.309600822588e+04 
       2.682387148611e-02       2.302381134716e+04 
       2.696130204342e-02       2.295102923320e+04 
       2.709892962400e-02       2.287786356858e+04 
       2.723675868572e-02       2.280431558869e+04 
       2.737479380179e-02       2.273064830850e+04 
       2.751303966425e-02       2.265653064281e+04 
       2.765150108751e-02       2.258222430154e+04 
       2.779018301206e-02       2.250749840965e+04 
       2.792909050837e-02       2.243235213741e+04 
       2.806822878085e-02       2.235706585382e+04 
       2.820760317199e-02       2.228171170272e+04 
       2.834721916671e-02       2.220582638761e+04 
       2.848708239680e-02       2.212977947055e+04 
       2.862719864559e-02       2.205357194695e+04 
       2.876757385276e-02       2.197710568032e+04 
       2.890821411937e-02       2.190046363157e+04 
       2.904912571309e-02       2.182361231096e+04 
       2.919031507365e-02       2.174659375460e+04 
       2.933178881842e-02       2.166952118082e+04 
       2.947355374836e-02       2.159186919927e+04 
       2.961561685412e-02       2.151430709741e+04 
       2.975798532242e-02       2.143650471707e+04 
       2.990066654267e-02       2.135874049307e+04 
       3.004366811391e-02       2.128058441113e+04 
       3.018699785203e-02       2.120239528576e+04 
       3.033066379729e-02       2.112414113330e+04 
       3.047467422217e-02       2.104562594834e+04 
       3.061903763955e-02       2.096729865420e+04 
       3.076376281128e-02       2.088842269968e+04 
       3.090885875711e-02       2.080967053704e+04 
       3.105433476400e-02       2.073081733863e+04 
       3.120020039590e-02       2.065186072252e+04 
       3.134646550395e-02       2.057297868942e+04 
       3.149314023709e-02       2.049391091109e+04 
       3.164023505330e-02       2.041465017137e+04 
       3.178776073123e-02       2.033531807007e+04 
       3.193572838245e-02       2.025607454388e+04 
       3.208414946429e-02       2.017682699559e+04 
       3.223303579323e-02       2.009730370847e+04 
       3.238239955904e-02       2.001802405002e+04 
       3.253225333955e-02       1.993850223937e+04 
       3.268261011615e-02       1.985888564403e+04 
       3.283348329011e-02       1.977948525936e+04 
       3.298488669969e-02       1.969994686947e+04 
       3.313683463811e-02       1.962027517936e+04 
       3.328934187254e-02       1.954071166055e+04 
       3.344242366395e-02       1.946120781563e+04 
       3.359609578808e-02       1.938154238189e+04 
       3.375037455757e-02       1.930184497228e+04 
       3.390527684517e-02       1.922244606881e+04 
       3.406082010830e-02       1.914269846314e+04 
       3.421702241493e-02       1.906323016276e+04 
       3.437390247094e-02       1.898366674970e+04 
       3.453147964890e-02       1.890410045615e+04 
       3.468977401865e-02       1.882457681039e+04 
       3.484880637953e-02       1.874506287566e+04 
       3.500859829451e-02       1.866554975556e+04 
       3.516917212632e-02       1.858611043740e+04 
       3.533055107576e-02       1.850663989048e+04 
       3.549275922229e-02       1.842727194204e+04 
       3.565582156710e-02       1.834786158859e+04 
       3.581976407884e-02       1.826853650946e+04 
       3.598461374219e-02       1.818918958832e+04 
       3.615039860953e-02       1.810992664419e+04 
       3.631714785586e-02       1.803078572298e+04 
       3.648489183735e-02       1.795148770530e+04 
       3.665366215367e-02       1.787243122552e+04 
       3.682349171448e-02       1.779317070840e+04 
       3.699441481039e-02       1.771412701871e+04 
       3.716646718880e-02       1.763529205281e+04 
       3.733968613490e-02       1.755612679979e+04 
       3.751411055841e-02       1.747710634644e+04 
       3.768978108648e-02       1.739817840608e+04 
       3.786674016317e-02       1.731922536581e+04 
       3.804503215636e-02       1.724028346335e+04 
       3.822470347240e-02       1.716151300311e+04 
       3.840580267953e-02       1.708266658535e+04 
       3.858838064053e-02       1.700380508833e+04 
       3.877249065577e-02       1.692510272690e+04 
       3.895818861738e-02       1.684626328988e+04 
       3.914553317580e-02       1.676752068247e+04 
       3.933458591964e-02       1.668871923727e+04 
       3.952541157050e-02       1.661008730714e+04 
       3.971807819388e-02       1.653129001299e+04 
       3.991265742806e-02       1.645258424947e+04 
       4.010922473268e-02       1.637386242933e+04 
       4.030785965905e-02       1.629514457980e+04 
       4.050864614460e-02       1.621631065610e+04 
       4.071167283388e-02       1.613751642968e+04 
       4.091703342926e-02       1.605874599509e+04 
       4.112482707440e-02       1.597985895296e+04 
       4.133515877440e-02       1.590096831897e+04 
       4.154813985668e-02       1.582200988197e+04 
       4.176388847751e-02       1.574290755931e+04 
       4.198253017960e-02       1.566380083504e+04 
       4.220419850692e-02       1.558469949993e+04 
       4.242903568399e-02       1.550537819761e+04 
       4.265719336756e-02       1.542607000850e+04 
       4.288883348035e-02       1.534650994036e+04 
       4.312412913727e-02       1.526692721765e+04 
       4.336326567685e-02       1.518697433147e+04 
       4.360644181215e-02       1.510715281360e+04 
       4.385387091787e-02       1.502698481093e+04 
       4.410578247312e-02       1.494665650283e+04 
       4.436242368268e-02       1.486611036855e+04 
       4.462406130322e-02       1.478532532190e+04 
       4.489098370590e-02       1.470433739896e+04 
       4.516350321223e-02       1.462307023140e+04 
       4.544195874668e-02       1.454134033686e+04 
       4.572671885808e-02       1.445935514583e+04 
       4.601818517142e-02       1.437709115087e+04 
       4.631679634380e-02       1.429437362546e+04 
       4.662303261335e-02       1.421130921659e+04 
       4.693742104777e-02       1.412765148210e+04 
       4.726054162195e-02       1.404347695660e+04 
       4.759303428159e-02       1.395899414038e+04 
       4.793560718482e-02       1.387346368108e+04 
       4.828904635663e-02       1.378764691191e+04 
       4.865422704563e-02       1.370085807909e+04 
       4.903212714079e-02       1.361349663835e+04 
       4.942384309253e-02       1.352512899030e+04 
       4.983060889196e-02       1.343532117649e+04 
       5.025381880186e-02       1.334485354073e+04 
       5.069505471063e-02       1.325361737206e+04 
       5.115611920704e-02       1.316026271524e+04 
       5.163907576234e-02       1.306582043304e+04 
       5.214629777180e-02       1.297026242519e+04 
       5.268052866780e-02       1.287226976522e+04 
       5.324495588525e-02       1.277191180916e+04 
       5.384330214431e-02       1.266975617725e+04 
       5.447993829789e-02       1.256404142168e+04 
       5.516002279679e-02       1.245621851033e+04 
       5.588967346105e-02       1.234341934471e+04 
       5.667617726959e-02       1.222677749946e+04 
       5.752824237061e-02       1.210472869111e+04 
       5.845629164433e-02       1.197590074968e+04 
       5.947278548542e-02       1.183881726029e+04 
       6.059253700148e-02       1.169182459707e+04 
       6.183293614460e-02       1.153147814780e+04 
       6.321391893149e-02       1.135416726240e+04 
       6.475739928012e-02       1.115595539129e+04 
       6.648575414144e-02       1.092931651948e+04 
       6.841893747933e-02       1.066873374951e+04 
       7.057014987377e-02       1.036503049350e+04 
       7.294095996372e-02       1.001306906135e+04 
       7.551806990129e-02       9.609864521971e+03 
       7.827420128445e-02       9.159858343877e+03 
       8.117356127556e-02       8.673568160882e+03 
       8.417927795719e-02       8.167693918495e+03 
       8.725923914211e-02       7.662056543881e+03 
       9.038865669769e-02       7.175680199035e+03 
       9.354994720135e-02       6.724627189208e+03 
       9.673132957116e-02       6.320501494180e+03 
       9.992519882756e-02       5.969604211020e+03 
       1.031267606319e-01       5.673381090189e+03 
       1.063330368592e-01       5.428455710846e+03 
       1.095421942992e-01       5.228952579709e+03 
       1.127531106883e-01       5.066191892780e+03 
       1.159651012160e-01       4.930262158091e+03 
       1.191777487574e-01       4.810937145890e+03 
       1.223907994467e-01       4.698237669988e+03 
       1.256040987952e-01       4.583812237135e+03 
       1.288175527391e-01       4.461137234803e+03 
       1.320311039359e-01       4.326425903755e+03 
       1.352447173566e-01       4.178446647399e+03 
       1.384583715337e-01       4.018190488778e+03 
       1.416720532463e-01       3.849039102098e+03 
       1.448857542940e-01       3.675227731521e+03 
       1.480994695363e-01       3.502414396718e+03 
       1.513131957030e-01       3.335492740938e+03 
       1.545269306702e-01       3.178846748481e+03 
       1.577406730209e-01       3.035928701250e+03 
       1.609544217762e-01       2.908959451791e+03 
       1.641681762326e-01       2.798677782168e+03 
       1.673819358614e-01       2.704687774824e+03 
       1.705957002475e-01       2.625444739883e+03 
       1.738094690518e-01       2.558649389773e+03 
       1.770232419870e-01       2.501384058806e+03 
       1.802370188032e-01       2.450558525196e+03 
       1.834507992782e-01       2.403250198512e+03 
       1.866645832114e-01       2.356914420159e+03 
       1.898783704198e-01       2.308796646360e+03 
       1.930921607346e-01       2.257038580379e+03 
       1.963059540000e-01       2.200810751151e+03 
       1.995197500707e-01       2.140065030561e+03 
       2.027335488115e-01       2.075529068839e+03 
       2.059473500959e-01       2.008314216871e+03 
       2.091611538055e-01       1.940257689328e+03 
       2.123749598292e-01       1.872868786819e+03 
       2.155887680625e-01       1.807755353993e+03 
       2.188025784075e-01       1.746171181329e+03 
       2.220163907715e-01       1.689070687767e+03 
       2.252302050677e-01       1.637044405591e+03 
       2.284440212138e-01       1.590288828048e+03 
       2.316578391324e-01       1.548763030707e+03 
       2.348716587501e-01       1.511984408103e+03 
       2.380854799977e-01       1.479393299171e+03 
       2.412993028097e-01       1.450084695904e+03 
       2.445131271239e-01       1.423049233868e+03 
       2.477269528815e-01       1.397305527661e+03 
       2.509407800267e-01       1.371951398448e+03 
       2.541546085066e-01       1.346248872322e+03 
       2.573684382708e-01       1.319722274556e+03 
       2.605822692714e-01       1.292113445082e+03 
       2.637961014631e-01       1.263362064341e+03 
       2.670099348026e-01       1.233616820584e+03 
       2.702237692487e-01       1.203147960285e+03 
       2.734376047621e-01       1.172370087340e+03 
       2.766514413055e-01       1.141778695837e+03 
       2.798652788431e-01       1.111877350376e+03 
       2.830791173408e-01       1.083129198581e+03 
       2.862929567663e-01       1.055931930566e+03 
       2.895067970883e-01       1.030499246123e+03 
       2.927206382773e-01       1.006962949518e+03 
       2.959344803048e-01       9.852887677879e+02 
       2.991483231436e-01       9.653163750466e+02 
       3.023621667678e-01       9.468232643177e+02 
       3.055760111524e-01       9.295546939366e+02 
       3.087898562736e-01       9.132267617186e+02 
       3.120037021084e-01       8.974946597321e+02 
       3.152175486350e-01       8.821555493083e+02 
       3.184313958323e-01       8.669837212735e+02 
       3.216452436801e-01       8.517167629210e+02 
       3.248590921590e-01       8.362635975608e+02 
       3.280729412504e-01       8.205740121104e+02 
       3.312867909362e-01       8.046677554638e+02 
       3.345006411995e-01       7.886584913643e+02 
       3.377144920234e-01       7.726758340798e+02 
       3.409283433922e-01       7.568653536700e+02 
       3.441421952905e-01       7.413494879199e+02 
       3.473560477036e-01       7.262761945774e+02 
       3.505699006171e-01       7.117295362001e+02 
       3.537837540175e-01       6.977911463702e+02 
       3.569976078914e-01       6.845137134762e+02 
       3.602114622263e-01       6.719202962805e+02 
       3.634253170097e-01       6.599977005049e+02 
       3.666391722299e-01       6.486868393650e+02 
       3.698530278753e-01       6.379059957345e+02 
       3.730668839351e-01       6.275575758174e+02 
       3.762807403984e-01       6.175240963528e+02 
       3.794945972551e-01       6.077233894829e+02 
       3.827084544951e-01       5.980732650786e+02 
       3.859223121089e-01       5.885270491383e+02 
       3.891361700871e-01       5.790449509855e+02 
       3.923500284207e-01       5.696168844617e+02 
       3.955638871012e-01       5.602323335912e+02 
       3.987777461199e-01       5.509034678886e+02 
       4.019916054689e-01       5.416459804389e+02 
       4.052054651401e-01       5.324958174574e+02 
       4.084193251260e-01       5.234943423662e+02 
       4.116331854192e-01       5.146790253991e+02 
       4.148470460125e-01       5.060953139814e+02 
       4.180609068989e-01       4.977647349708e+02 
       4.212747680717e-01       4.897016439360e+02 
       4.244886295244e-01       4.819011963217e+02 
       4.277024912507e-01       4.743586848480e+02 
       4.309163532444e-01       4.670559316770e+02 
       4.341302154995e-01       4.599937751367e+02 
       4.373440780103e-01       4.531319199455e+02 
       4.405579407711e-01       4.464686295630e+02 
       4.437718037765e-01       4.399804134897e+02 
       4.469856670213e-01       4.336356062375e+02 
       4.501995305001e-01       4.274016799179e+02 
       4.534133942082e-01       4.212638458386e+02 
       4.566272581405e-01       4.151961112059e+02 
       4.598411222925e-01       4.091965740980e+02 
       4.630549866594e-01       4.032798273887e+02 
       4.662688512368e-01       3.974189142742e+02 
       4.694827160205e-01       3.916457126186e+02 
       4.726965810061e-01       3.859612279090e+02 
       4.759104461897e-01       3.803683750561e+02 
       4.791243115670e-01       3.748742203871e+02 
       4.823381771344e-01       3.694909244354e+02 
       4.855520428880e-01       3.642260783102e+02 
       4.887659088241e-01       3.590904923988e+02 
       4.919797749391e-01       3.540897103519e+02 
       4.951936412296e-01       3.492230074800e+02 
       4.984075076921e-01       3.444835183536e+02 
       5.016213743233e-01       3.398589503343e+02 
       5.048352411199e-01       3.353379423843e+02 
       5.080491080789e-01       3.309102025876e+02 
       5.112629751972e-01       3.265666913561e+02 
       5.144768424717e-01       3.222981986843e+02 
       5.176907098996e-01       3.181087392015e+02 
       5.209045774780e-01       3.139839346997e+02 
       5.241184452041e-01       3.099191784990e+02 
       5.273323130752e-01       3.059098933269e+02 
       5.305461810887e-01       3.019529006763e+02 
       5.337600492420e-01       2.980494026727e+02 
       5.369739175325e-01       2.942040690398e+02 
       5.401877859579e-01       2.904219033892e+02 
       5.434016545157e-01       2.867078860986e+02 
       5.466155232035e-01       2.830645052492e+02 
       5.498293920191e-01       2.794911936578e+02 
       5.530432609603e-01       2.759844935298e+02 
       5.562571300249e-01       2.725437527236e+02 
       5.594709992107e-01       2.691675352418e+02 
       5.626848685156e-01       2.658559702930e+02 
       5.658987379377e-01       2.626093239613e+02 
       5.691126074749e-01       2.594260617029e+02 
       5.723264771253e-01       2.563049958138e+02 
       5.755403468869e-01       2.532393291421e+02 
       5.787542167580e-01       2.502255837123e+02 
       5.819680867367e-01       2.472583250296e+02 
       5.851819568212e-01       2.443425312926e+02 
       5.883958270098e-01       2.414642196446e+02 
       5.916096973008e-01       2.386303568917e+02 
       5.948235676925e-01       2.358414405492e+02 
       5.980374381833e-01       2.330956032268e+02 
       6.012513087716e-01       2.303918041708e+02 
       6.044651794559e-01       2.277280530339e+02 
       6.076790502345e-01       2.251008462609e+02 
       6.108929211061e-01       2.225127571762e+02 
       6.141067920692e-01       2.199591593582e+02 
       6.173206631223e-01       2.174541538793e+02 
       6.205345342640e-01       2.149928328754e+02 
       6.237484054929e-01       2.125744427172e+02 
       6.269622768078e-01       2.101974327020e+02 
       6.301761482072e-01       2.078590442789e+02 
