# Matter power spectrum P(k) at redshift z=0
# for k=1.045e-05 to 0.630176 h/Mpc,
# number of wavenumbers equal to 561
#    1:k (h/Mpc)              2:P (Mpc/h)^3        
       1.045004333795e-05       3.576008673712e+01 
       2.333095805641e-05       7.746358548139e+01 
       3.625717113354e-05       1.184602791494e+02 
       4.926346145416e-05       1.592483925548e+02 
       6.238518314747e-05       2.001270363012e+02 
       7.565858082820e-05       2.413314388994e+02 
       8.912111491755e-05       2.830712889920e+02 
       1.028118013711e-04       3.255471114885e+02 
       1.167715701734e-04       3.689603015815e+02 
       1.310436469927e-04       4.135177714342e+02 
       1.456739623954e-04       4.594362759062e+02 
       1.607115929610e-04       5.069516288675e+02 
       1.762092384570e-04       5.563102377894e+02 
       1.922237388671e-04       6.077910557390e+02 
       2.088166344034e-04       6.616930812555e+02 
       2.260547705566e-04       7.183498251947e+02 
       2.440109485712e-04       7.781297182358e+02 
       2.627646192567e-04       8.414436629503e+02 
       2.824026144891e-04       9.087459199158e+02 
       3.030199057923e-04       9.805426650114e+02 
       3.247203726287e-04       1.057398913307e+03 
       3.476175540833e-04       1.139932185684e+03 
       3.718353460970e-04       1.228826149190e+03 
       3.975085920654e-04       1.324825878990e+03 
       4.247834974604e-04       1.428736923530e+03 
       4.538177797217e-04       1.541416995414e+03 
       4.847804443246e-04       1.663766596709e+03 
       5.178510592485e-04       1.796708449428e+03 
       5.532183871386e-04       1.941167076369e+03 
       5.910782331532e-04       2.098035408059e+03 
       6.316303842205e-04       2.268144251578e+03 
       6.750745601225e-04       2.452223291475e+03 
       7.216053749246e-04       2.650871841346e+03 
       7.714064205261e-04       2.864526874630e+03 
       8.246437258060e-04       3.093458556700e+03 
       8.814589967750e-04       3.337745312758e+03 
       9.419631754247e-04       3.597284520756e+03 
       1.006230930745e-03       3.871785744649e+03 
       1.074296681075e-03       4.160768426560e+03 
       1.146152625442e-03       4.463564942496e+03 
       1.221749042864e-03       4.779330739758e+03 
       1.300996842025e-03       5.107067820910e+03 
       1.383772067800e-03       5.445661983322e+03 
       1.469921855004e-03       5.793922233429e+03 
       1.559271204023e-03       6.150617075796e+03 
       1.651629948312e-03       6.514508057565e+03 
       1.746799372057e-03       6.884375470087e+03 
       1.844578081754e-03       7.259044539478e+03 
       1.944766898304e-03       7.637402865794e+03 
       2.047172684863e-03       8.018413162942e+03 
       2.151611141021e-03       8.401119769893e+03 
       2.257908670024e-03       8.784651354597e+03 
       2.365903465723e-03       9.168224874099e+03 
       2.475445977673e-03       9.551137975353e+03 
       2.586398905573e-03       9.932767779534e+03 
       2.698636856110e-03       1.031256388906e+04 
       2.812045772658e-03       1.069004406975e+04 
       2.926522225142e-03       1.106478509517e+04 
       3.041972626323e-03       1.143642252963e+04 
       3.158312422777e-03       1.180463809308e+04 
       3.275465294285e-03       1.216916044582e+04 
       3.393362384006e-03       1.252975595700e+04 
       3.511941573302e-03       1.288622418985e+04 
       3.631146808815e-03       1.323839859856e+04 
       3.750927485056e-03       1.358613715222e+04 
       3.871237882690e-03       1.392931777617e+04 
       3.992036660788e-03       1.426784995676e+04 
       4.113286400085e-03       1.460164638219e+04 
       4.234953193603e-03       1.493064561970e+04 
       4.357006280707e-03       1.525479564569e+04 
       4.479417720608e-03       1.557406410656e+04 
       4.602162101426e-03       1.588841915779e+04 
       4.725216281153e-03       1.619784784812e+04 
       4.848559157090e-03       1.650235166328e+04 
       4.972171460656e-03       1.680191508624e+04 
       5.096035574718e-03       1.709654735674e+04 
       5.220135370916e-03       1.738626653349e+04 
       5.344456064688e-03       1.767138708502e+04 
       5.468984085990e-03       1.795140231838e+04 
       5.593706963892e-03       1.822661619547e+04 
       5.718613223473e-03       1.849663696137e+04 
       5.843692293605e-03       1.876250901442e+04 
       5.968934424386e-03       1.902334362504e+04 
       6.094330613118e-03       1.927838580094e+04 
       6.219872537888e-03       1.952991620249e+04 
       6.345552497875e-03       1.977611128461e+04 
       6.471363359654e-03       2.001871927094e+04 
       6.597298508830e-03       2.025580772849e+04 
       6.723351806413e-03       2.048881289464e+04 
       6.849517549429e-03       2.071705772390e+04 
       6.975790435312e-03       2.094119712318e+04 
       7.102165529665e-03       2.116048383124e+04 
       7.228638237047e-03       2.137537397878e+04 
       7.355204274468e-03       2.158636966172e+04 
       7.481859647301e-03       2.179261420359e+04 
       7.608600627389e-03       2.199497416887e+04 
       7.735423733096e-03       2.219295204840e+04 
       7.862325711133e-03       2.238738343098e+04 
       7.989303519968e-03       2.257671759844e+04 
       8.116354314671e-03       2.276246254973e+04 
       8.243475433056e-03       2.294426392302e+04 
       8.370664382991e-03       2.312220122324e+04 
       8.497918830777e-03       2.329639795032e+04 
       8.625236590478e-03       2.346599955987e+04 
       8.752615614134e-03       2.363207377672e+04 
       8.880053982758e-03       2.379473185912e+04 
       9.007549898064e-03       2.395337541426e+04 
       9.135101674842e-03       2.410844342762e+04 
       9.262707733939e-03       2.425979517785e+04 
       9.390366595784e-03       2.440716654208e+04 
       9.518076874411e-03       2.455172709226e+04 
       9.645837271942e-03       2.469230203518e+04 
       9.773646573481e-03       2.482931043647e+04 
       9.901503642401e-03       2.496266032612e+04 
       1.002940741597e-02       2.509287077847e+04 
       1.015735690133e-02       2.522165169028e+04 
       1.028535117169e-02       2.534356943316e+04 
       1.041338936293e-02       2.546352735145e+04 
       1.054147067033e-02       2.558053605573e+04 
       1.066959434557e-02       2.569502399752e+04 
       1.079775969399e-02       2.580647547568e+04 
       1.092596607196e-02       2.591232797245e+04 
       1.105421288453e-02       2.601633356402e+04 
       1.118249958317e-02       2.611763761093e+04 
       1.131082566373e-02       2.621583461607e+04 
       1.143919066444e-02       2.631096353323e+04 
       1.156759416422e-02       2.640322465289e+04 
       1.169603578093e-02       2.649290335755e+04 
       1.182451516985e-02       2.657867227274e+04 
       1.195303202223e-02       2.666232196720e+04 
       1.208158606397e-02       2.674293198662e+04 
       1.221017705434e-02       2.682078275623e+04 
       1.233880478484e-02       2.689606017104e+04 
       1.246746907811e-02       2.696838312085e+04 
       1.259616978695e-02       2.703803558134e+04 
       1.272490679336e-02       2.710532066816e+04 
       1.285368000771e-02       2.717443321645e+04 
       1.298248936791e-02       2.723147066904e+04 
       1.311133483870e-02       2.729082873324e+04 
       1.324021641095e-02       2.734771902442e+04 
       1.336913410105e-02       2.740227987517e+04 
       1.349808795029e-02       2.745367297525e+04 
       1.362707802436e-02       2.750411696032e+04 
       1.375610441285e-02       2.755104613225e+04 
       1.388516722881e-02       2.759430113638e+04 
       1.401426660833e-02       2.763637953321e+04 
       1.414340271018e-02       2.767835175411e+04 
       1.427257571545e-02       2.771831577990e+04 
       1.440178582729e-02       2.775133688558e+04 
       1.453103327063e-02       2.778210272758e+04 
       1.466031829190e-02       2.781613329953e+04 
       1.478964115890e-02       2.784419107545e+04 
       1.491900216053e-02       2.787189407202e+04 
       1.504840160672e-02       2.789693419611e+04 
       1.517783982825e-02       2.791999879461e+04 
       1.530731717668e-02       2.793504226774e+04 
       1.543683402424e-02       2.795804022463e+04 
       1.556639076382e-02       2.796938563473e+04 
       1.569598780889e-02       2.798838411289e+04 
       1.582562559352e-02       2.800028282951e+04 
       1.595530457238e-02       2.800801490007e+04 
       1.608502522079e-02       2.801584704628e+04 
       1.621478803473e-02       2.802688937140e+04 
       1.634459353096e-02       2.803007541381e+04 
       1.647444224709e-02       2.803122004579e+04 
       1.660433474165e-02       2.803016705274e+04 
       1.673427159429e-02       2.803585956770e+04 
       1.686425340586e-02       2.803447536418e+04 
       1.699428079861e-02       2.802760196100e+04 
       1.712435441636e-02       2.802074732545e+04 
       1.725447492469e-02       2.801829872138e+04 
       1.738464301114e-02       2.800286212377e+04 
       1.751485938548e-02       2.799157628843e+04 
       1.764512477993e-02       2.798155574284e+04 
       1.777543994943e-02       2.796532974965e+04 
       1.790580567190e-02       2.794925425863e+04 
       1.803622274859e-02       2.793238986236e+04 
       1.816669200434e-02       2.791544077015e+04 
       1.829721428792e-02       2.789404837280e+04 
       1.842779047240e-02       2.787171991230e+04 
       1.855842145552e-02       2.784805197027e+04 
       1.868910816002e-02       2.782716323306e+04 
       1.881985153409e-02       2.779848539992e+04 
       1.895065255176e-02       2.777030842228e+04 
       1.908151221333e-02       2.774080329340e+04 
       1.921243154584e-02       2.771136754810e+04 
       1.934341160351e-02       2.767906854715e+04 
       1.947445346826e-02       2.764561135514e+04 
       1.960555825017e-02       2.761375027932e+04 
       1.973672708805e-02       2.757772061283e+04 
       1.986796114995e-02       2.754173420198e+04 
       1.999926163371e-02       2.750411933002e+04 
       2.013062976760e-02       2.746421603048e+04 
       2.026206681084e-02       2.742585429871e+04 
       2.039357405429e-02       2.738408073213e+04 
       2.052515282104e-02       2.734044388359e+04 
       2.065680446711e-02       2.729646252990e+04 
       2.078853038211e-02       2.725336740307e+04 
       2.092033198997e-02       2.720673868105e+04 
       2.105221074966e-02       2.716137284060e+04 
       2.118416815592e-02       2.711120729354e+04 
       2.131620574009e-02       2.706454478780e+04 
       2.144832507085e-02       2.701471772877e+04 
       2.158052775512e-02       2.696311467612e+04 
       2.171281543885e-02       2.691075514305e+04 
       2.184518980793e-02       2.685829001750e+04 
       2.197765258910e-02       2.680184019861e+04 
       2.211020555089e-02       2.675041303441e+04 
       2.224285050456e-02       2.669054575864e+04 
       2.237558930515e-02       2.663729159842e+04 
       2.250842385246e-02       2.658077627515e+04 
       2.264135609211e-02       2.652291943078e+04 
       2.277438801669e-02       2.646237083356e+04 
       2.290752166680e-02       2.640112392161e+04 
       2.304075913231e-02       2.634036388491e+04 
       2.317410255348e-02       2.627933766372e+04 
       2.330755412224e-02       2.621685834051e+04 
       2.344111608345e-02       2.615521284249e+04 
       2.357479073623e-02       2.609189704526e+04 
       2.370858043531e-02       2.602761315944e+04 
       2.384248759242e-02       2.596172535180e+04 
       2.397651467777e-02       2.589583751652e+04 
       2.411066422150e-02       2.582962438122e+04 
       2.424493881525e-02       2.576347884753e+04 
       2.437934111375e-02       2.569566159758e+04 
       2.451387383643e-02       2.562718059984e+04 
       2.464853976916e-02       2.555799509064e+04 
       2.478334176596e-02       2.548819135495e+04 
       2.491828275083e-02       2.541981190063e+04 
       2.505336571962e-02       2.534868913378e+04 
       2.518859374194e-02       2.527681464346e+04 
       2.532396996316e-02       2.520554565989e+04 
       2.545949760647e-02       2.513280005081e+04 
       2.559517997501e-02       2.506025460315e+04 
       2.573102045408e-02       2.498734454353e+04 
       2.586702251340e-02       2.491291571781e+04 
       2.600318970945e-02       2.484039402111e+04 
       2.613952568794e-02       2.476445541885e+04 
       2.627603418630e-02       2.468926778709e+04 
       2.641271903630e-02       2.461339888048e+04 
       2.654958416674e-02       2.453774085944e+04 
       2.668663360623e-02       2.446218190582e+04 
       2.682387148611e-02       2.438504864770e+04 
       2.696130204342e-02       2.430927798353e+04 
       2.709892962400e-02       2.423115763998e+04 
       2.723675868572e-02       2.415267088641e+04 
       2.737479380179e-02       2.407508043927e+04 
       2.751303966425e-02       2.399643707089e+04 
       2.765150108751e-02       2.391738803979e+04 
       2.779018301206e-02       2.383904392640e+04 
       2.792909050837e-02       2.375906627901e+04 
       2.806822878085e-02       2.368071029346e+04 
       2.820760317199e-02       2.359985809612e+04 
       2.834721916671e-02       2.351982333367e+04 
       2.848708239680e-02       2.343912087652e+04 
       2.862719864559e-02       2.335920987724e+04 
       2.876757385276e-02       2.327844847800e+04 
       2.890821411937e-02       2.319605718861e+04 
       2.904912571309e-02       2.311560824013e+04 
       2.919031507365e-02       2.303244509394e+04 
       2.933178881842e-02       2.295145320548e+04 
       2.947355374836e-02       2.286990102759e+04 
       2.961561685412e-02       2.278779695770e+04 
       2.975798532242e-02       2.270579013638e+04 
       2.990066654267e-02       2.262252220392e+04 
       3.004366811391e-02       2.254118974357e+04 
       3.018699785203e-02       2.245780163569e+04 
       3.033066379729e-02       2.237514327088e+04 
       3.047467422217e-02       2.229235873994e+04 
       3.061903763955e-02       2.220847499333e+04 
       3.076376281128e-02       2.212469652415e+04 
       3.090885875711e-02       2.204325376778e+04 
       3.105433476400e-02       2.195930032753e+04 
       3.120020039590e-02       2.187445830050e+04 
       3.134646550395e-02       2.179205627347e+04 
       3.149314023709e-02       2.170869768143e+04 
       3.164023505330e-02       2.162435274531e+04 
       3.178776073123e-02       2.153951016594e+04 
       3.193572838245e-02       2.145468121883e+04 
       3.208414946429e-02       2.137197088025e+04 
       3.223303579323e-02       2.128807402564e+04 
       3.238239955904e-02       2.120331430614e+04 
       3.253225333955e-02       2.111892465660e+04 
       3.268261011615e-02       2.103425132532e+04 
       3.283348329011e-02       2.095089255472e+04 
       3.298488669969e-02       2.086635486558e+04 
       3.313683463811e-02       2.078195866072e+04 
       3.328934187254e-02       2.069788202848e+04 
       3.344242366395e-02       2.061297127399e+04 
       3.359609578808e-02       2.052963749449e+04 
       3.375037455757e-02       2.044485623226e+04 
       3.390527684517e-02       2.036043045659e+04 
       3.406082010830e-02       2.027631149465e+04 
       3.421702241493e-02       2.019153558104e+04 
       3.437390247094e-02       2.010753745089e+04 
       3.453147964890e-02       2.002335433894e+04 
       3.468977401865e-02       1.993858945219e+04 
       3.484880637953e-02       1.985460464497e+04 
       3.500859829451e-02       1.977065200523e+04 
       3.516917212632e-02       1.968680677844e+04 
       3.533055107576e-02       1.960278563727e+04 
       3.549275922229e-02       1.951823589814e+04 
       3.565582156710e-02       1.943439254010e+04 
       3.581976407884e-02       1.935016555055e+04 
       3.598461374219e-02       1.926618607312e+04 
       3.615039860953e-02       1.918218970704e+04 
       3.631714785586e-02       1.909810267484e+04 
       3.648489183735e-02       1.901430508430e+04 
       3.665366215367e-02       1.893106589780e+04 
       3.682349171448e-02       1.884715790707e+04 
       3.699441481039e-02       1.876275249440e+04 
       3.716646718880e-02       1.867940621270e+04 
       3.733968613490e-02       1.859586547502e+04 
       3.751411055841e-02       1.851246649468e+04 
       3.768978108648e-02       1.842830959625e+04 
       3.786674016317e-02       1.834456898759e+04 
       3.804503215636e-02       1.826093428404e+04 
       3.822470347240e-02       1.817799756870e+04 
       3.840580267953e-02       1.809424758145e+04 
       3.858838064053e-02       1.801067598251e+04 
       3.877249065577e-02       1.792740009739e+04 
       3.895818861738e-02       1.784344988662e+04 
       3.914553317580e-02       1.776010342560e+04 
       3.933458591964e-02       1.767704535027e+04 
       3.952541157050e-02       1.759344223320e+04 
       3.971807819388e-02       1.751000064298e+04 
       3.991265742806e-02       1.742659267755e+04 
       4.010922473268e-02       1.734345196299e+04 
       4.030785965905e-02       1.726004057381e+04 
       4.050864614460e-02       1.717673018057e+04 
       4.071167283388e-02       1.709287037681e+04 
       4.091703342926e-02       1.700947677246e+04 
       4.112482707440e-02       1.692592190622e+04 
       4.133515877440e-02       1.684278105888e+04 
       4.154813985668e-02       1.675900757658e+04 
       4.176388847751e-02       1.667508954008e+04 
       4.198253017960e-02       1.659157887670e+04 
       4.220419850692e-02       1.650732858177e+04 
       4.242903568399e-02       1.642359271467e+04 
       4.265719336756e-02       1.633946501691e+04 
       4.288883348035e-02       1.625510433165e+04 
       4.312412913727e-02       1.617097154790e+04 
       4.336326567685e-02       1.608639945197e+04 
       4.360644181215e-02       1.600179999913e+04 
       4.385387091787e-02       1.591681269243e+04 
       4.410578247312e-02       1.583168890440e+04 
       4.436242368268e-02       1.574648753931e+04 
       4.462406130322e-02       1.566130379850e+04 
       4.489098370590e-02       1.557522308391e+04 
       4.516350321223e-02       1.548909909390e+04 
       4.544195874668e-02       1.540275466940e+04 
       4.572671885808e-02       1.531583543032e+04 
       4.601818517142e-02       1.522881769310e+04 
       4.631679634380e-02       1.514094122680e+04 
       4.662303261335e-02       1.505304055285e+04 
       4.693742104777e-02       1.496454924966e+04 
       4.726054162195e-02       1.487534534963e+04 
       4.759303428159e-02       1.478573452827e+04 
       4.793560718482e-02       1.469539677612e+04 
       4.828904635663e-02       1.460419897393e+04 
       4.865422704563e-02       1.451237254404e+04 
       4.903212714079e-02       1.441975121819e+04 
       4.942384309253e-02       1.432616439626e+04 
       4.983060889196e-02       1.423145961621e+04 
       5.025381880186e-02       1.413583328031e+04 
       5.069505471063e-02       1.403873226094e+04 
       5.115611920704e-02       1.394024172369e+04 
       5.163907576234e-02       1.384028227719e+04 
       5.214629777180e-02       1.373861315962e+04 
       5.268052866780e-02       1.363495221999e+04 
       5.324495588525e-02       1.352896594067e+04 
       5.384330214431e-02       1.342043151346e+04 
       5.447993829789e-02       1.330897615162e+04 
       5.516002279679e-02       1.319412693276e+04 
       5.588967346105e-02       1.307524056258e+04 
       5.667617726959e-02       1.295148947845e+04 
       5.752824237061e-02       1.282206693317e+04 
       5.845629164433e-02       1.268565533969e+04 
       5.947278548542e-02       1.254058001667e+04 
       6.059253700148e-02       1.238460619235e+04 
       6.183293614460e-02       1.221476075428e+04 
       6.321391893149e-02       1.202727183731e+04 
       6.475739928012e-02       1.181696308519e+04 
       6.648575414144e-02       1.157747807397e+04 
       6.841893747933e-02       1.130095109250e+04 
       7.057014987377e-02       1.097956751538e+04 
       7.294095996372e-02       1.060670062572e+04 
       7.551806990129e-02       1.017984059002e+04 
       7.827420128445e-02       9.703066702097e+03 
       8.117356127556e-02       9.187875068588e+03 
       8.417927795719e-02       8.652036760272e+03 
       8.725923914211e-02       8.116310891981e+03 
       9.038865669769e-02       7.601073930915e+03 
       9.354994720135e-02       7.123418539277e+03 
       9.673132957116e-02       6.695396478293e+03 
       9.992519882756e-02       6.323693127053e+03 
       1.031267606319e-01       6.009695278384e+03 
       1.063330368592e-01       5.750326295201e+03 
       1.095421942992e-01       5.538988196054e+03 
       1.127531106883e-01       5.366587224065e+03 
       1.159651012160e-01       5.222627613811e+03 
       1.191777487574e-01       5.096209995991e+03 
       1.223907994467e-01       4.976862232976e+03 
       1.256040987952e-01       4.855665349653e+03 
       1.288175527391e-01       4.725820868290e+03 
       1.320311039359e-01       4.583135376371e+03 
       1.352447173566e-01       4.426257890687e+03 
       1.384583715337e-01       4.256492888865e+03 
       1.416720532463e-01       4.077199501535e+03 
       1.448857542940e-01       3.893262946572e+03 
       1.480994695363e-01       3.710152534727e+03 
       1.513131957030e-01       3.533275763497e+03 
       1.545269306702e-01       3.367351179170e+03 
       1.577406730209e-01       3.215992754965e+03 
       1.609544217762e-01       3.081480910246e+03 
       1.641681762326e-01       2.964665799712e+03 
       1.673819358614e-01       2.865101284209e+03 
       1.705957002475e-01       2.781154228501e+03 
       1.738094690518e-01       2.710382999983e+03 
       1.770232419870e-01       2.649741475282e+03 
       1.802370188032e-01       2.595902908878e+03 
       1.834507992782e-01       2.545769199531e+03 
       1.866645832114e-01       2.496691906638e+03 
       1.898783704198e-01       2.445656790551e+03 
       1.930921607346e-01       2.390864850512e+03 
       1.963059540000e-01       2.331313261156e+03 
       1.995197500707e-01       2.266966664047e+03 
       2.027335488115e-01       2.198554234998e+03 
       2.059473500959e-01       2.127431340872e+03 
       2.091611538055e-01       2.055305193147e+03 
       2.123749598292e-01       1.983936630933e+03 
       2.155887680625e-01       1.914970512370e+03 
       2.188025784075e-01       1.849748150523e+03 
       2.220163907715e-01       1.789263071052e+03 
       2.252302050677e-01       1.734128063460e+03 
       2.284440212138e-01       1.684595945560e+03 
       2.316578391324e-01       1.640579672323e+03 
       2.348716587501e-01       1.601664050642e+03 
       2.380854799977e-01       1.567146832230e+03 
       2.412993028097e-01       1.536089095068e+03 
       2.445131271239e-01       1.507451061564e+03 
       2.477269528815e-01       1.480175872357e+03 
       2.509407800267e-01       1.453314264333e+03 
       2.541546085066e-01       1.426096827904e+03 
       2.573684382708e-01       1.398005888916e+03 
       2.605822692714e-01       1.368756020516e+03 
       2.637961014631e-01       1.338304480008e+03 
       2.670099348026e-01       1.306789543950e+03 
       2.702237692487e-01       1.274519952896e+03 
       2.734376047621e-01       1.241923782406e+03 
       2.766514413055e-01       1.209512308649e+03 
       2.798652788431e-01       1.177830729661e+03 
       2.830791173408e-01       1.147376714726e+03 
       2.862929567663e-01       1.118545853900e+03 
       2.895067970883e-01       1.091613683326e+03 
       2.927206382773e-01       1.066685281912e+03 
       2.959344803048e-01       1.043725532909e+03 
       2.991483231436e-01       1.022571944389e+03 
       3.023621667678e-01       1.002985891568e+03 
       3.055760111524e-01       9.846865469850e+02 
       3.087898562736e-01       9.673715362400e+02 
       3.120037021084e-01       9.507335585325e+02 
       3.152175486350e-01       9.344885768644e+02 
       3.184313958323e-01       9.183828549749e+02 
       3.216452436801e-01       9.022131889406e+02 
       3.248590921590e-01       8.858426559764e+02 
       3.280729412504e-01       8.692253784947e+02 
       3.312867909362e-01       8.523940353451e+02 
       3.345006411995e-01       8.354417735097e+02 
       3.377144920234e-01       8.185120279747e+02 
       3.409283433922e-01       8.017618439137e+02 
       3.441421952905e-01       7.853283849261e+02 
       3.473560477036e-01       7.693549571249e+02 
       3.505699006171e-01       7.539462263090e+02 
       3.537837540175e-01       7.391787479244e+02 
       3.569976078914e-01       7.251162124040e+02 
       3.602114622263e-01       7.117765927123e+02 
       3.634253170097e-01       6.991402693689e+02 
       3.666391722299e-01       6.871605641846e+02 
       3.698530278753e-01       6.757414324649e+02 
       3.730668839351e-01       6.647721947175e+02 
       3.762807403984e-01       6.541550439820e+02 
       3.794945972551e-01       6.437705814533e+02 
       3.827084544951e-01       6.335499879606e+02 
       3.859223121089e-01       6.234354368773e+02 
       3.891361700871e-01       6.133948633841e+02 
       3.923500284207e-01       6.034052044829e+02 
       3.955638871012e-01       5.934664483455e+02 
       3.987777461199e-01       5.835843281386e+02 
       4.019916054689e-01       5.737777886318e+02 
       4.052054651401e-01       5.640834412120e+02 
       4.084193251260e-01       5.545485278588e+02 
       4.116331854192e-01       5.452086182728e+02 
       4.148470460125e-01       5.361140662516e+02 
       4.180609068989e-01       5.272890192616e+02 
       4.212747680717e-01       5.187446872627e+02 
       4.244886295244e-01       5.104821646839e+02 
       4.277024912507e-01       5.024903420500e+02 
       4.309163532444e-01       4.947585999358e+02 
       4.341302154995e-01       4.872683072239e+02 
       4.373440780103e-01       4.800058310126e+02 
       4.405579407711e-01       4.729516983042e+02 
       4.437718037765e-01       4.660797494148e+02 
       4.469856670213e-01       4.593576710814e+02 
       4.501995305001e-01       4.527777040468e+02 
       4.534133942082e-01       4.462501739022e+02 
       4.566272581405e-01       4.398246630322e+02 
       4.598411222925e-01       4.334724578993e+02 
       4.630549866594e-01       4.271939075239e+02 
       4.662688512368e-01       4.209916834381e+02 
       4.694827160205e-01       4.148770583224e+02 
       4.726965810061e-01       4.088550737746e+02 
       4.759104461897e-01       4.029308964662e+02 
       4.791243115670e-01       3.971109604334e+02 
       4.823381771344e-01       3.914059777247e+02 
       4.855520428880e-01       3.858301894391e+02 
       4.887659088241e-01       3.803892527927e+02 
       4.919797749391e-01       3.750915440230e+02 
       4.951936412296e-01       3.699373172721e+02 
       4.984075076921e-01       3.649162958488e+02 
       5.016213743233e-01       3.600177545914e+02 
       5.048352411199e-01       3.552448287637e+02 
       5.080491080789e-01       3.505395786498e+02 
       5.112629751972e-01       3.459379929161e+02 
       5.144768424717e-01       3.414208263511e+02 
       5.176907098996e-01       3.369794209688e+02 
       5.209045774780e-01       3.326085561644e+02 
       5.241184452041e-01       3.283030568829e+02 
       5.273323130752e-01       3.240572986282e+02 
       5.305461810887e-01       3.198642173828e+02 
       5.337600492420e-01       3.157291854963e+02 
       5.369739175325e-01       3.116559103481e+02 
       5.401877859579e-01       3.076501393868e+02 
       5.434016545157e-01       3.037157551303e+02 
       5.466155232035e-01       2.998551963059e+02 
       5.498293920191e-01       2.960690921096e+02 
       5.530432609603e-01       2.923546758674e+02 
       5.562571300249e-01       2.887103681755e+02 
       5.594709992107e-01       2.851334281544e+02 
       5.626848685156e-01       2.816255185293e+02 
       5.658987379377e-01       2.781860343877e+02 
       5.691126074749e-01       2.748153358218e+02 
       5.723264771253e-01       2.715086075333e+02 
       5.755403468869e-01       2.682609465993e+02 
       5.787542167580e-01       2.650673752711e+02 
       5.819680867367e-01       2.619273271964e+02 
       5.851819568212e-01       2.588295097478e+02 
       5.883958270098e-01       2.557802390640e+02 
       5.916096973008e-01       2.527792848281e+02 
       5.948235676925e-01       2.498239341636e+02 
       5.980374381833e-01       2.469153953370e+02 
       6.012513087716e-01       2.440517362326e+02 
       6.044651794559e-01       2.412289116502e+02 
       6.076790502345e-01       2.384473486755e+02 
       6.108929211061e-01       2.357056902082e+02 
       6.141067920692e-01       2.330065966254e+02 
       6.173206631223e-01       2.303526331629e+02 
       6.205345342640e-01       2.277456720044e+02 
       6.237484054929e-01       2.251839236680e+02 
       6.269622768078e-01       2.226654572629e+02 
       6.301761482072e-01       2.201887463843e+02 
