# Matter power spectrum P(k) at redshift z=0
# for k=1.045e-05 to 0.630176 h/Mpc,
# number of wavenumbers equal to 561
#    1:k (h/Mpc)              2:P (Mpc/h)^3        
       1.045004358465e-05       5.246581804042e+01 
       2.333095830364e-05       1.136047228485e+02 
       3.625717138197e-05       1.736019810772e+02 
       4.926346170446e-05       2.331316961988e+02 
       6.238518340034e-05       2.925732248981e+02 
       7.565858108432e-05       3.522082938113e+02 
       8.912111517766e-05       4.122761883181e+02 
       1.028118016360e-04       4.729962156051e+02 
       1.167715704439e-04       5.345792188127e+02 
       1.310436472695e-04       5.972344773834e+02 
       1.456739626796e-04       6.611744661172e+02 
       1.607115932535e-04       7.266185239605e+02 
       1.762092387588e-04       7.937959658582e+02 
       1.922237391794e-04       8.629488950247e+02 
       2.088166347275e-04       9.343348942389e+02 
       2.260547708937e-04       1.008229663389e+03 
       2.440109489228e-04       1.084929665441e+03 
       2.627646196243e-04       1.164754772545e+03 
       2.824026148746e-04       1.248050931142e+03 
       3.030199061975e-04       1.335192759804e+03 
       3.247203730558e-04       1.426586031316e+03 
       3.476175545344e-04       1.522669903170e+03 
       3.718353465748e-04       1.623918710518e+03 
       3.975085925723e-04       1.730843145874e+03 
       4.247834979996e-04       1.843990441470e+03 
       4.538177802962e-04       1.963943252147e+03 
       4.847804449377e-04       2.091316790629e+03 
       5.178510599038e-04       2.226753659604e+03 
       5.532183878398e-04       2.370915935889e+03 
       5.910782339041e-04       2.524473997289e+03 
       6.316303850249e-04       2.688091654781e+03 
       6.750745609842e-04       2.862407554111e+03 
       7.216053758473e-04       3.048012981076e+03 
       7.714064215132e-04       3.245426836088e+03 
       8.246437268604e-04       3.455069011098e+03 
       8.814589978991e-04       3.677234052047e+03 
       9.419631766204e-04       3.912067471746e+03 
       1.006230932013e-03       4.159547207559e+03 
       1.074296682416e-03       4.419472567107e+03 
       1.146152626855e-03       4.691462417539e+03 
       1.221749044348e-03       4.974963375568e+03 
       1.300996843579e-03       5.269267377109e+03 
       1.383772069420e-03       5.573537017590e+03 
       1.469921856686e-03       5.886835810119e+03 
       1.559271205766e-03       6.208160929792e+03 
       1.651629950110e-03       6.536474567986e+03 
       1.746799373907e-03       6.870732930882e+03 
       1.844578083652e-03       7.209910456160e+03 
       1.944766900247e-03       7.553019418204e+03 
       2.047172686846e-03       7.899124319280e+03 
       2.151611143041e-03       8.247352017117e+03 
       2.257908672078e-03       8.596896976984e+03 
       2.365903467808e-03       8.947024334106e+03 
       2.475445979787e-03       9.297068790533e+03 
       2.586398907712e-03       9.646432823067e+03 
       2.698636858273e-03       9.994583768872e+03 
       2.812045774843e-03       1.034104939681e+04 
       2.926522227346e-03       1.068541056123e+04 
       3.041972628545e-03       1.102730538203e+04 
       3.158312425015e-03       1.136640928518e+04 
       3.275465296538e-03       1.170244518501e+04 
       3.393362386273e-03       1.203517107661e+04 
       3.511941575581e-03       1.236437842922e+04 
       3.631146811106e-03       1.268988708188e+04 
       3.750927487358e-03       1.301154351550e+04 
       3.871237885001e-03       1.332921752284e+04 
       3.992036663108e-03       1.364279996170e+04 
       4.113286402413e-03       1.395219509452e+04 
       4.234953195939e-03       1.425732914859e+04 
       4.357006283050e-03       1.455813682270e+04 
       4.479417722957e-03       1.485456909475e+04 
       4.602162103782e-03       1.514658998764e+04 
       4.725216283514e-03       1.543416249366e+04 
       4.848559159457e-03       1.571723723679e+04 
       4.972171463028e-03       1.599587621798e+04 
       5.096035577095e-03       1.627001268739e+04 
       5.220135373297e-03       1.653966434136e+04 
       5.344456067073e-03       1.680490848731e+04 
       5.468984088379e-03       1.706568275270e+04 
       5.593706966285e-03       1.732201331283e+04 
       5.718613225869e-03       1.757391035429e+04 
       5.843692296005e-03       1.782088976921e+04 
       5.968934426788e-03       1.806397171605e+04 
       6.094330615523e-03       1.830268127975e+04 
       6.219872540296e-03       1.853705223096e+04 
       6.345552500285e-03       1.876711584357e+04 
       6.471363362067e-03       1.899286801554e+04 
       6.597298511245e-03       1.921438101715e+04 
       6.723351808830e-03       1.943175032187e+04 
       6.849517551848e-03       1.964488327460e+04 
       6.975790437733e-03       1.985403643338e+04 
       7.102165532088e-03       2.005908358600e+04 
       7.228638239473e-03       2.026006876051e+04 
       7.355204276895e-03       2.045691632435e+04 
       7.481859649730e-03       2.065032254799e+04 
       7.608600629819e-03       2.083932432952e+04 
       7.735423735528e-03       2.102489961510e+04 
       7.862325713566e-03       2.120614066850e+04 
       7.989303522403e-03       2.138365398034e+04 
       8.116354317107e-03       2.155748824560e+04 
       8.243475435493e-03       2.172727619905e+04 
       8.370664385430e-03       2.189386193316e+04 
       8.497918833217e-03       2.205735743856e+04 
       8.625236592919e-03       2.221643980924e+04 
       8.752615616576e-03       2.237197925034e+04 
       8.880053985201e-03       2.252397174357e+04 
       9.007549900508e-03       2.267248028672e+04 
       9.135101677287e-03       2.281664426588e+04 
       9.262707736385e-03       2.295832686007e+04 
       9.390366598231e-03       2.309739053885e+04 
       9.518076876860e-03       2.323164563651e+04 
       9.645837274391e-03       2.336386298266e+04 
       9.773646575931e-03       2.349100173370e+04 
       9.901503644852e-03       2.361727327297e+04 
       1.002940741843e-02       2.373828637402e+04 
       1.015735690378e-02       2.385699248705e+04 
       1.028535117414e-02       2.397348261111e+04 
       1.041338936539e-02       2.408508445377e+04 
       1.054147067279e-02       2.419543006561e+04 
       1.066959434803e-02       2.430201814034e+04 
       1.079775969644e-02       2.440536330776e+04 
       1.092596607441e-02       2.450583369668e+04 
       1.105421288699e-02       2.460283511113e+04 
       1.118249958563e-02       2.469754527821e+04 
       1.131082566619e-02       2.478884230061e+04 
       1.143919066690e-02       2.487845124143e+04 
       1.156759416669e-02       2.496540417971e+04 
       1.169603578339e-02       2.504828597968e+04 
       1.182451517231e-02       2.512987242480e+04 
       1.195303202469e-02       2.520793943091e+04 
       1.208158606644e-02       2.528344422868e+04 
       1.221017705681e-02       2.535618612804e+04 
       1.233880478731e-02       2.542659382259e+04 
       1.246746908058e-02       2.549443458619e+04 
       1.259616978942e-02       2.555955260283e+04 
       1.272490679583e-02       2.562088286806e+04 
       1.285368001018e-02       2.568240595565e+04 
       1.298248937038e-02       2.574019488106e+04 
       1.311133484117e-02       2.579550887611e+04 
       1.324021641342e-02       2.584729303911e+04 
       1.336913410352e-02       2.589790548608e+04 
       1.349808795276e-02       2.594769098099e+04 
       1.362707802683e-02       2.599360401222e+04 
       1.375610441532e-02       2.603613552823e+04 
       1.388516723129e-02       2.607757941089e+04 
       1.401426661081e-02       2.611710549575e+04 
       1.414340271265e-02       2.615474750386e+04 
       1.427257571792e-02       2.619035153128e+04 
       1.440178582977e-02       2.622331245754e+04 
       1.453103327311e-02       2.625380349187e+04 
       1.466031829438e-02       2.628270526804e+04 
       1.478964116138e-02       2.630850731312e+04 
       1.491900216301e-02       2.633385224929e+04 
       1.504840160920e-02       2.635654669695e+04 
       1.517783983073e-02       2.637710269139e+04 
       1.530731717916e-02       2.639550189139e+04 
       1.543683402673e-02       2.641254573884e+04 
       1.556639076630e-02       2.642753754162e+04 
       1.569598781137e-02       2.644025622917e+04 
       1.582562559600e-02       2.645153710300e+04 
       1.595530457487e-02       2.646080881252e+04 
       1.608502522327e-02       2.646875656810e+04 
       1.621478803722e-02       2.647458577643e+04 
       1.634459353345e-02       2.647753719734e+04 
       1.647444224958e-02       2.648060696484e+04 
       1.660433474414e-02       2.648129629124e+04 
       1.673427159678e-02       2.648013689641e+04 
       1.686425340835e-02       2.647669449613e+04 
       1.699428080111e-02       2.647329442275e+04 
       1.712435441886e-02       2.646613546109e+04 
       1.725447492718e-02       2.645862493408e+04 
       1.738464301363e-02       2.645073025988e+04 
       1.751485938798e-02       2.643909742672e+04 
       1.764512478243e-02       2.642783667558e+04 
       1.777543995193e-02       2.641306696319e+04 
       1.790580567440e-02       2.639833740842e+04 
       1.803622275109e-02       2.638213443893e+04 
       1.816669200684e-02       2.636371696956e+04 
       1.829721429042e-02       2.634386309870e+04 
       1.842779047491e-02       2.632348895866e+04 
       1.855842145803e-02       2.630175946620e+04 
       1.868910816253e-02       2.627835362217e+04 
       1.881985153660e-02       2.625330468325e+04 
       1.895065255427e-02       2.622699975693e+04 
       1.908151221584e-02       2.619968270154e+04 
       1.921243154835e-02       2.617068820191e+04 
       1.934341160602e-02       2.614069185881e+04 
       1.947445347077e-02       2.610977748949e+04 
       1.960555825268e-02       2.607668473288e+04 
       1.973672709056e-02       2.604394762169e+04 
       1.986796115246e-02       2.600865858355e+04 
       1.999926163623e-02       2.597261521627e+04 
       2.013062977012e-02       2.593565482404e+04 
       2.026206681336e-02       2.589755471686e+04 
       2.039357405681e-02       2.585807641822e+04 
       2.052515282356e-02       2.581850711994e+04 
       2.065680446963e-02       2.577695060278e+04 
       2.078853038464e-02       2.573424801179e+04 
       2.092033199250e-02       2.569062395615e+04 
       2.105221075219e-02       2.564627221791e+04 
       2.118416815845e-02       2.560160155275e+04 
       2.131620574262e-02       2.555512760043e+04 
       2.144832507339e-02       2.550725725592e+04 
       2.158052775766e-02       2.545942799555e+04 
       2.171281544139e-02       2.540995630172e+04 
       2.184518981047e-02       2.535986176395e+04 
       2.197765259164e-02       2.530954353387e+04 
       2.211020555343e-02       2.525725193443e+04 
       2.224285050711e-02       2.520466653240e+04 
       2.237558930770e-02       2.515124120932e+04 
       2.250842385501e-02       2.509695846305e+04 
       2.264135609466e-02       2.504193121639e+04 
       2.277438801924e-02       2.498606666779e+04 
       2.290752166936e-02       2.492957149435e+04 
       2.304075913487e-02       2.487273920047e+04 
       2.317410255604e-02       2.481414247447e+04 
       2.330755412480e-02       2.475545175235e+04 
       2.344111608601e-02       2.469598891150e+04 
       2.357479073879e-02       2.463626446588e+04 
       2.370858043787e-02       2.457500368721e+04 
       2.384248759499e-02       2.451351813747e+04 
       2.397651468034e-02       2.445184372597e+04 
       2.411066422407e-02       2.438865261800e+04 
       2.424493881783e-02       2.432532862092e+04 
       2.437934111633e-02       2.426141543404e+04 
       2.451387383901e-02       2.419708142939e+04 
       2.464853977174e-02       2.413211568125e+04 
       2.478334176854e-02       2.406602793322e+04 
       2.491828275342e-02       2.400033046356e+04 
       2.505336572221e-02       2.393314923650e+04 
       2.518859374453e-02       2.386600881864e+04 
       2.532396996575e-02       2.379853474613e+04 
       2.545949760907e-02       2.372999754654e+04 
       2.559517997761e-02       2.366130771350e+04 
       2.573102045669e-02       2.359237348048e+04 
       2.586702251600e-02       2.352279062370e+04 
       2.600318971206e-02       2.345269844410e+04 
       2.613952569055e-02       2.338199093293e+04 
       2.627603418892e-02       2.331124605645e+04 
       2.641271903892e-02       2.323999168936e+04 
       2.654958416937e-02       2.316837901618e+04 
       2.668663360886e-02       2.309600598748e+04 
       2.682387148875e-02       2.302380894989e+04 
       2.696130204606e-02       2.295102424220e+04 
       2.709892962664e-02       2.287786055784e+04 
       2.723675868836e-02       2.280424104533e+04 
       2.737479380444e-02       2.273064581164e+04 
       2.751303966691e-02       2.265652970654e+04 
       2.765150109016e-02       2.258222089782e+04 
       2.779018301472e-02       2.250749620482e+04 
       2.792909051104e-02       2.243235314515e+04 
       2.806822878352e-02       2.235706220378e+04 
       2.820760317466e-02       2.228170885467e+04 
       2.834721916939e-02       2.220582369570e+04 
       2.848708239949e-02       2.212977638058e+04 
       2.862719864828e-02       2.205356993484e+04 
       2.876757385545e-02       2.197710390433e+04 
       2.890821412206e-02       2.190046180822e+04 
       2.904912571580e-02       2.182361095678e+04 
       2.919031507636e-02       2.174659179312e+04 
       2.933178882113e-02       2.166951825120e+04 
       2.947355375108e-02       2.159186514005e+04 
       2.961561685685e-02       2.151430478090e+04 
       2.975798532515e-02       2.143650066893e+04 
       2.990066654541e-02       2.135873900192e+04 
       3.004366811665e-02       2.128058156765e+04 
       3.018699785478e-02       2.120239283583e+04 
       3.033066380005e-02       2.112413879738e+04 
       3.047467422493e-02       2.104562150663e+04 
       3.061903764232e-02       2.096729608307e+04 
       3.076376281406e-02       2.088842011405e+04 
       3.090885875989e-02       2.080966643761e+04 
       3.105433476679e-02       2.073081412566e+04 
       3.120020039870e-02       2.065185854119e+04 
       3.134646550675e-02       2.057297660476e+04 
       3.149314023990e-02       2.049390855516e+04 
       3.164023505612e-02       2.041464812614e+04 
       3.178776073406e-02       2.033531485075e+04 
       3.193572838530e-02       2.025607181309e+04 
       3.208414946714e-02       2.017682068508e+04 
       3.223303579609e-02       2.009729326551e+04 
       3.238239956191e-02       2.001801723013e+04 
       3.253225334243e-02       1.993849968075e+04 
       3.268261011904e-02       1.985891739994e+04 
       3.283348329301e-02       1.977948033385e+04 
       3.298488670260e-02       1.969994404705e+04 
       3.313683464103e-02       1.962027253563e+04 
       3.328934187547e-02       1.954070964005e+04 
       3.344242366689e-02       1.946120640002e+04 
       3.359609579103e-02       1.938153837199e+04 
       3.375037456053e-02       1.930185477351e+04 
       3.390527684814e-02       1.922244157369e+04 
       3.406082011128e-02       1.914269639656e+04 
       3.421702241794e-02       1.906322741595e+04 
       3.437390247395e-02       1.898366411527e+04 
       3.453147965192e-02       1.890409829197e+04 
       3.468977402169e-02       1.882457447205e+04 
       3.484880638259e-02       1.874505911769e+04 
       3.500859829758e-02       1.866554704463e+04 
       3.516917212940e-02       1.858610899817e+04 
       3.533055107886e-02       1.850663809488e+04 
       3.549275922540e-02       1.842726992154e+04 
       3.565582157023e-02       1.834785899011e+04 
       3.581976408199e-02       1.826853442404e+04 
       3.598461374536e-02       1.818918863825e+04 
       3.615039861271e-02       1.810992655622e+04 
       3.631714785907e-02       1.803078437464e+04 
       3.648489184058e-02       1.795148509695e+04 
       3.665366215692e-02       1.787242850890e+04 
       3.682349171774e-02       1.779316932157e+04 
       3.699441481368e-02       1.771412761070e+04 
       3.716646719210e-02       1.763529013254e+04 
       3.733968613823e-02       1.755612439570e+04 
       3.751411056177e-02       1.747710428824e+04 
       3.768978108986e-02       1.739817648377e+04 
       3.786674016658e-02       1.731922353297e+04 
       3.804503215979e-02       1.724028128480e+04 
       3.822470347586e-02       1.716151307499e+04 
       3.840580268302e-02       1.708266486072e+04 
       3.858838064404e-02       1.700380343726e+04 
       3.877249065931e-02       1.692510065291e+04 
       3.895818862096e-02       1.684625882732e+04 
       3.914553317941e-02       1.676751844781e+04 
       3.933458592328e-02       1.668872040821e+04 
       3.952541157417e-02       1.661008815891e+04 
       3.971807819759e-02       1.653128864970e+04 
       3.991265743181e-02       1.645258253871e+04 
       4.010922473646e-02       1.637386101092e+04 
       4.030785966288e-02       1.629514266579e+04 
       4.050864614847e-02       1.621630859080e+04 
       4.071167283779e-02       1.613751448301e+04 
       4.091703343322e-02       1.605874225062e+04 
       4.112482707841e-02       1.597985770605e+04 
       4.133515877846e-02       1.590096837357e+04 
       4.154813986079e-02       1.582200973446e+04 
       4.176388848168e-02       1.574290786761e+04 
       4.198253018382e-02       1.566379871998e+04 
       4.220419851120e-02       1.558469764894e+04 
       4.242903568833e-02       1.550537738943e+04 
       4.265719337197e-02       1.542606887950e+04 
       4.288883348483e-02       1.534650677324e+04 
       4.312412914181e-02       1.526692510710e+04 
       4.336326568147e-02       1.518697297165e+04 
       4.360644181686e-02       1.510714484006e+04 
       4.385387092266e-02       1.502698327120e+04 
       4.410578247800e-02       1.494665344435e+04 
       4.436242368765e-02       1.486610942685e+04 
       4.462406130828e-02       1.478532139509e+04 
       4.489098371107e-02       1.470433535271e+04 
       4.516350321751e-02       1.462306854497e+04 
       4.544195875207e-02       1.454133814309e+04 
       4.572671886361e-02       1.445935352086e+04 
       4.601818517708e-02       1.437708968170e+04 
       4.631679634960e-02       1.429437219276e+04 
       4.662303261929e-02       1.421130747509e+04 
       4.693742105388e-02       1.412765012906e+04 
       4.726054162823e-02       1.404347555637e+04 
       4.759303428806e-02       1.395899397784e+04 
       4.793560719149e-02       1.387346242878e+04 
       4.828904636352e-02       1.378764525831e+04 
       4.865422705275e-02       1.370085658918e+04 
       4.903212714816e-02       1.361349551832e+04 
       4.942384310017e-02       1.352512645674e+04 
       4.983060889991e-02       1.343531862920e+04 
       5.025381881014e-02       1.334485214303e+04 
       5.069505471927e-02       1.325361589834e+04 
       5.115611921608e-02       1.316026113703e+04 
       5.163907577182e-02       1.306581876937e+04 
       5.214629778177e-02       1.297026114999e+04 
       5.268052867832e-02       1.287226944443e+04 
       5.324495589638e-02       1.277191058673e+04 
       5.384330215613e-02       1.266975389118e+04 
       5.447993831049e-02       1.256403992361e+04 
       5.516002281028e-02       1.245621763173e+04 
       5.588967347556e-02       1.234341772827e+04 
       5.667617728526e-02       1.222677802564e+04 
       5.752824238764e-02       1.210472734158e+04 
       5.845629166292e-02       1.197589934798e+04 
       5.947278550585e-02       1.183881674944e+04 
       6.059253702404e-02       1.169182333130e+04 
       6.183293616966e-02       1.153147694896e+04 
       6.321391895945e-02       1.135415136336e+04 
       6.475739931141e-02       1.115595463503e+04 
       6.648575417648e-02       1.092931629440e+04 
       6.841893751845e-02       1.066873246329e+04 
       7.057014991713e-02       1.036502766053e+04 
       7.294096001121e-02       1.001306768155e+04 
       7.551806995251e-02       9.609863690748e+03 
       7.827420133877e-02       9.159857640088e+03 
       8.117356133227e-02       8.673567495088e+03 
       8.417927801560e-02       8.167693439070e+03 
       8.725923920169e-02       7.662055599374e+03 
       9.038865675803e-02       7.175679292233e+03 
       9.354994726217e-02       6.724614423527e+03 
       9.673132963228e-02       6.320506744221e+03 
       9.992519888887e-02       5.969602245248e+03 
       1.031267606933e-01       5.673379988054e+03 
       1.063330369207e-01       5.428454464959e+03 
       1.095421943607e-01       5.228951889821e+03 
       1.127531107498e-01       5.066190335964e+03 
       1.159651012776e-01       4.930261935324e+03 
       1.191777488189e-01       4.810936132601e+03 
       1.223907995083e-01       4.698236903198e+03 
       1.256040988568e-01       4.583808368140e+03 
       1.288175528007e-01       4.461136934405e+03 
       1.320311039975e-01       4.326426286624e+03 
       1.352447174183e-01       4.178449474100e+03 
       1.384583715953e-01       4.018190521401e+03 
       1.416720533079e-01       3.849038592648e+03 
       1.448857543556e-01       3.675226590783e+03 
       1.480994695979e-01       3.502412415052e+03 
       1.513131957646e-01       3.335494285163e+03 
       1.545269307319e-01       3.178846684330e+03 
       1.577406730825e-01       3.035928398538e+03 
       1.609544218378e-01       2.908958113257e+03 
       1.641681762942e-01       2.798677694278e+03 
       1.673819359230e-01       2.704686857569e+03 
       1.705957003091e-01       2.625444771579e+03 
       1.738094691134e-01       2.558655896059e+03 
       1.770232420486e-01       2.501384740737e+03 
       1.802370188648e-01       2.450558112427e+03 
       1.834507993398e-01       2.403249912029e+03 
       1.866645832730e-01       2.356913912844e+03 
       1.898783704814e-01       2.308796766489e+03 
       1.930921607962e-01       2.257038975934e+03 
       1.963059540616e-01       2.200810562442e+03 
       1.995197501323e-01       2.140064877054e+03 
       2.027335488731e-01       2.075528578154e+03 
       2.059473501575e-01       2.008314457702e+03 
       2.091611538671e-01       1.940256240667e+03 
       2.123749598908e-01       1.872869012943e+03 
       2.155887681241e-01       1.807755018304e+03 
       2.188025784691e-01       1.746168592848e+03 
       2.220163908332e-01       1.689068474946e+03 
       2.252302051293e-01       1.637044508019e+03 
       2.284440212755e-01       1.590288734857e+03 
       2.316578391940e-01       1.548763198015e+03 
       2.348716588117e-01       1.511985570731e+03 
       2.380854800594e-01       1.479393893642e+03 
       2.412993028713e-01       1.450083438706e+03 
       2.445131271855e-01       1.423050437001e+03 
       2.477269529431e-01       1.397303971009e+03 
       2.509407800884e-01       1.371951086210e+03 
       2.541546085682e-01       1.346248765649e+03 
       2.573684383324e-01       1.319722019760e+03 
       2.605822693330e-01       1.292113296579e+03 
       2.637961015248e-01       1.263363563659e+03 
       2.670099348642e-01       1.233615825540e+03 
       2.702237693103e-01       1.203147783948e+03 
       2.734376048237e-01       1.172370679192e+03 
       2.766514413671e-01       1.141787417924e+03 
       2.798652789047e-01       1.111877393711e+03 
       2.830791174024e-01       1.083129736489e+03 
       2.862929568279e-01       1.055932356965e+03 
       2.895067971500e-01       1.030500666725e+03 
       2.927206383389e-01       1.006962714196e+03 
       2.959344803664e-01       9.852885215583e+02 
       2.991483232052e-01       9.653153153189e+02 
       3.023621668294e-01       9.468238392149e+02 
       3.055760112140e-01       9.295532005992e+02 
       3.087898563352e-01       9.132270946115e+02 
       3.120037021700e-01       8.974963313302e+02 
       3.152175486966e-01       8.821554969165e+02 
       3.184313958939e-01       8.669843419057e+02 
       3.216452437417e-01       8.517169131825e+02 
       3.248590922206e-01       8.362638584943e+02 
       3.280729413120e-01       8.205759831974e+02 
       3.312867909978e-01       8.046674234997e+02 
       3.345006412611e-01       7.886574223507e+02 
       3.377144920850e-01       7.726764726832e+02 
       3.409283434538e-01       7.568644236394e+02 
       3.441421953521e-01       7.413527600100e+02 
       3.473560477652e-01       7.262769802728e+02 
       3.505699006787e-01       7.117284342448e+02 
       3.537837540791e-01       6.977925331594e+02 
       3.569976079531e-01       6.845130678573e+02 
       3.602114622879e-01       6.719201663575e+02 
       3.634253170713e-01       6.599979499509e+02 
       3.666391722915e-01       6.486863251997e+02 
       3.698530279369e-01       6.379062573833e+02 
       3.730668839967e-01       6.275582253826e+02 
       3.762807404600e-01       6.175250949000e+02 
       3.794945973167e-01       6.077241153062e+02 
       3.827084545567e-01       5.980733096697e+02 
       3.859223121705e-01       5.885250798562e+02 
       3.891361701487e-01       5.790446129425e+02 
       3.923500284823e-01       5.696161845691e+02 
       3.955638871628e-01       5.602326710258e+02 
       3.987777461815e-01       5.509034247475e+02 
       4.019916055305e-01       5.416455314658e+02 
       4.052054652017e-01       5.324950954686e+02 
       4.084193251876e-01       5.234933264922e+02 
       4.116331854808e-01       5.146789789119e+02 
       4.148470460741e-01       5.060954756683e+02 
       4.180609069605e-01       4.977644764785e+02 
       4.212747681333e-01       4.897011724257e+02 
       4.244886295860e-01       4.819010368144e+02 
       4.277024913123e-01       4.743589021905e+02 
       4.309163533060e-01       4.670558344372e+02 
       4.341302155611e-01       4.599928172510e+02 
       4.373440780719e-01       4.531313307531e+02 
       4.405579408327e-01       4.464683256570e+02 
       4.437718038381e-01       4.399802894880e+02 
       4.469856670829e-01       4.336343108258e+02 
       4.501995305617e-01       4.274017743014e+02 
       4.534133942698e-01       4.212645149150e+02 
       4.566272582021e-01       4.151961036635e+02 
       4.598411223541e-01       4.091970150407e+02 
       4.630549867210e-01       4.032776505528e+02 
       4.662688512985e-01       3.974189624204e+02 
       4.694827160821e-01       3.916452864476e+02 
       4.726965810678e-01       3.859605574928e+02 
       4.759104462513e-01       3.803671736094e+02 
       4.791243116286e-01       3.748735993396e+02 
       4.823381771960e-01       3.694899083165e+02 
       4.855520429496e-01       3.642248207765e+02 
       4.887659088857e-01       3.590899527294e+02 
       4.919797750007e-01       3.540887551772e+02 
       4.951936412912e-01       3.492227861440e+02 
       4.984075077537e-01       3.444823132411e+02 
       5.016213743849e-01       3.398589397025e+02 
       5.048352411815e-01       3.353372858869e+02 
       5.080491081405e-01       3.309101786417e+02 
       5.112629752588e-01       3.265664802512e+02 
       5.144768425334e-01       3.223009876345e+02 
       5.176907099612e-01       3.181093600330e+02 
       5.209045775396e-01       3.139836314672e+02 
       5.241184452657e-01       3.099188319899e+02 
       5.273323131368e-01       3.059091944498e+02 
       5.305461811503e-01       3.019527406719e+02 
       5.337600493036e-01       2.980496173467e+02 
       5.369739175941e-01       2.942041847322e+02 
       5.401877860195e-01       2.904218942966e+02 
       5.434016545773e-01       2.867075806946e+02 
       5.466155232651e-01       2.830640926657e+02 
       5.498293920807e-01       2.794902554101e+02 
       5.530432610219e-01       2.759839134778e+02 
       5.562571300865e-01       2.725431979821e+02 
       5.594709992723e-01       2.691670497872e+02 
       5.626848685772e-01       2.658553518081e+02 
       5.658987379993e-01       2.626085233994e+02 
       5.691126075365e-01       2.594267769815e+02 
       5.723264771869e-01       2.563046339280e+02 
       5.755403469485e-01       2.532390272747e+02 
       5.787542168196e-01       2.502251716614e+02 
       5.819680867983e-01       2.472583137962e+02 
       5.851819568828e-01       2.443431236673e+02 
       5.883958270714e-01       2.414638258160e+02 
       5.916096973624e-01       2.386307893190e+02 
       5.948235677541e-01       2.358413430444e+02 
       5.980374382449e-01       2.330957752868e+02 
       6.012513088332e-01       2.303916143609e+02 
       6.044651795175e-01       2.277269099961e+02 
       6.076790502962e-01       2.251003057358e+02 
       6.108929211677e-01       2.225129850331e+02 
       6.141067921308e-01       2.199590324610e+02 
       6.173206631839e-01       2.174542030097e+02 
       6.205345343256e-01       2.149932137756e+02 
       6.237484055545e-01       2.125739860609e+02 
       6.269622768694e-01       2.101965713151e+02 
       6.301761482688e-01       2.078583120844e+02 
